distance	count.Inner	count.Outer	count.Right	count.Left	sum	log10count.Inner	log10count.Outer	log10count.Right	log10count.Left	log10sum	proportion.Inner	proportion.Outer	proportion.Right	proportion.Left	allpossible_sumcount	prob	log10prob
1.100	0	0	0	0	0	-100.000	-100.000	-100.000	-100.000	-99.398	0.250	0.250	0.250	0.250	2.493E+08	0.000E+00	-100.000
1.300	0	0	0	0	0	-100.000	-100.000	-100.000	-100.000	-99.398	0.250	0.250	0.250	0.250	2.493E+08	0.000E+00	-100.000
1.500	0	0	1	0	1	-100.000	-100.000	0.000	-100.000	0.000	0.000	0.000	1.000	0.000	2.493E+08	2.731E-10	-9.564
1.700	1	0	0	0	1	0.000	-100.000	-100.000	-100.000	0.000	1.000	0.000	0.000	0.000	2.493E+08	1.723E-10	-9.764
1.900	8	0	0	0	8	0.903	-100.000	-100.000	-100.000	0.903	1.000	0.000	0.000	0.000	2.493E+08	8.697E-10	-9.061
2.100	8	0	1	0	9	0.903	-100.000	0.000	-100.000	0.954	0.889	0.000	0.111	0.000	2.493E+08	6.173E-10	-9.209
2.300	3	1	0	0	4	0.477	0.000	-100.000	-100.000	0.602	0.750	0.250	0.000	0.000	2.493E+08	1.731E-10	-9.762
2.500	22	0	0	0	22	1.342	-100.000	-100.000	-100.000	1.342	1.000	0.000	0.000	0.000	2.493E+08	6.008E-10	-9.221
2.700	29	0	0	0	29	1.462	-100.000	-100.000	-100.000	1.462	1.000	0.000	0.000	0.000	2.493E+08	4.997E-10	-9.301
2.900	4	1	1	0	6	0.602	0.000	0.000	-100.000	0.778	0.667	0.167	0.167	0.000	2.492E+08	6.523E-11	-10.186
3.100	0	1	2	0	3	-100.000	0.000	0.301	-100.000	0.477	0.000	0.333	0.667	0.000	2.492E+08	2.058E-11	-10.687
3.300	1	2	2	3	8	0.000	0.301	0.301	0.477	0.903	0.125	0.250	0.250	0.375	2.492E+08	3.462E-11	-10.461
3.500	1	2	0	2	5	0.000	0.301	-100.000	0.301	0.699	0.200	0.400	0.000	0.400	2.492E+08	1.365E-11	-10.865
3.700	0	1	0	3	4	-100.000	0.000	-100.000	0.477	0.602	0.000	0.250	0.000	0.750	2.492E+08	6.892E-12	-11.162
3.900	0	1	1	0	2	-100.000	0.000	0.000	-100.000	0.301	0.000	0.500	0.500	0.000	2.492E+08	2.174E-12	-11.663
4.100	0	1	1	2	4	-100.000	0.000	0.000	0.301	0.602	0.000	0.250	0.250	0.500	2.492E+08	2.744E-12	-11.562
4.300	2	1	0	1	4	0.301	0.000	-100.000	0.000	0.602	0.500	0.250	0.000	0.250	2.492E+08	1.731E-12	-11.762
4.500	1	2	2	2	7	0.000	0.301	0.301	0.301	0.845	0.143	0.286	0.286	0.286	2.492E+08	1.912E-12	-11.719
4.700	3	0	1	2	6	0.477	-100.000	0.000	0.301	0.778	0.500	0.000	0.167	0.333	2.492E+08	1.034E-12	-11.985
4.900	2	2	2	1	7	0.301	0.301	0.301	0.000	0.845	0.286	0.286	0.286	0.143	2.492E+08	7.612E-13	-12.118
5.100	0	1	6	3	10	-100.000	0.000	0.778	0.477	1.000	0.000	0.100	0.600	0.300	2.491E+08	6.863E-13	-12.163
5.300	1	2	2	4	9	0.000	0.301	0.301	0.602	0.954	0.111	0.222	0.222	0.444	2.491E+08	3.898E-13	-12.409
5.500	1	3	2	2	8	0.000	0.477	0.301	0.301	0.903	0.125	0.375	0.250	0.250	2.489E+08	2.187E-13	-12.660
5.700	2	3	4	5	14	0.301	0.477	0.602	0.699	1.146	0.143	0.214	0.286	0.357	2.487E+08	2.417E-13	-12.617
5.900	3	4	2	2	11	0.477	0.602	0.301	0.301	1.041	0.273	0.364	0.182	0.182	2.485E+08	1.200E-13	-12.921
6.100	3	6	2	1	12	0.477	0.778	0.301	0.000	1.079	0.250	0.500	0.167	0.083	2.480E+08	8.273E-14	-13.082
6.300	2	1	1	2	6	0.301	0.000	0.000	0.301	0.778	0.333	0.167	0.167	0.333	2.473E+08	2.618E-14	-13.582
6.500	2	6	5	2	15	0.301	0.778	0.699	0.301	1.176	0.133	0.400	0.333	0.133	2.461E+08	4.149E-14	-13.382
6.700	3	1	3	1	8	0.477	0.000	0.477	0.000	0.903	0.375	0.125	0.375	0.125	2.442E+08	1.407E-14	-13.852
6.900	4	1	1	4	10	0.602	0.000	0.000	0.602	1.000	0.400	0.100	0.100	0.400	2.413E+08	1.123E-14	-13.950
7.100	4	4	3	2	13	0.602	0.602	0.477	0.301	1.114	0.308	0.308	0.231	0.154	2.367E+08	9.392E-15	-14.027
7.300	2	2	4	3	11	0.301	0.301	0.602	0.477	1.041	0.182	0.182	0.364	0.273	2.293E+08	5.175E-15	-14.286
7.500	2	5	5	6	18	0.301	0.699	0.699	0.778	1.255	0.111	0.278	0.278	0.333	2.176E+08	5.630E-15	-14.250
7.700	7	4	3	3	17	0.845	0.602	0.477	0.477	1.230	0.412	0.235	0.176	0.176	1.991E+08	3.666E-15	-14.436
7.900	3	8	4	3	18	0.477	0.903	0.602	0.477	1.255	0.167	0.444	0.222	0.167	1.698E+08	2.872E-15	-14.542
8.100	2	3	3	1	9	0.301	0.477	0.477	0.000	0.954	0.222	0.333	0.333	0.111	1.234E+08	1.247E-15	-14.904
8.300	1	1	1	1	4	0.000	0.000	0.000	0.000	0.602	0.250	0.250	0.250	0.250	4.972E+07	8.678E-16	-15.062
8.500	0	0	0	0	0	-100.000	-100.000	-100.000	-100.000	-99.398	0.250	0.250	0.250	0.250	-6.698E+07	-0.000E+00	-100.000
8.700	0	0	0	0	0	-100.000	-100.000	-100.000	-100.000	-99.398	0.250	0.250	0.250	0.250	-2.519E+08	-0.000E+00	-100.000
8.900	0	0	0	0	0	-100.000	-100.000	-100.000	-100.000	-99.398	0.250	0.250	0.250	0.250	-5.451E+08	-0.000E+00	-100.000
9.100	0	0	0	0	0	-100.000	-100.000	-100.000	-100.000	-99.398	0.250	0.250	0.250	0.250	-1.010E+09	-0.000E+00	-100.000
9.300	0	0	0	0	0	-100.000	-100.000	-100.000	-100.000	-99.398	0.250	0.250	0.250	0.250	-1.746E+09	-0.000E+00	-100.000
9.500	0	0	0	0	0	-100.000	-100.000	-100.000	-100.000	-99.398	0.250	0.250	0.250	0.250	-2.913E+09	-0.000E+00	-100.000
9.700	0	0	0	0	0	-100.000	-100.000	-100.000	-100.000	-99.398	0.250	0.250	0.250	0.250	-4.763E+09	-0.000E+00	-100.000
9.900	0	0	0	0	0	-100.000	-100.000	-100.000	-100.000	-99.398	0.250	0.250	0.250	0.250	-7.694E+09	-0.000E+00	-100.000
10.100	0	0	0	0	0	-100.000	-100.000	-100.000	-100.000	-99.398	0.250	0.250	0.250	0.250	-1.234E+10	-0.000E+00	-100.000
10.300	0	0	0	0	0	-100.000	-100.000	-100.000	-100.000	-99.398	0.250	0.250	0.250	0.250	-1.970E+10	-0.000E+00	-100.000
10.500	0	0	0	0	0	-100.000	-100.000	-100.000	-100.000	-99.398	0.250	0.250	0.250	0.250	-3.137E+10	-0.000E+00	-100.000
10.700	0	0	0	0	0	-100.000	-100.000	-100.000	-100.000	-99.398	0.250	0.250	0.250	0.250	-4.987E+10	-0.000E+00	-100.000
10.900	0	0	0	0	0	-100.000	-100.000	-100.000	-100.000	-99.398	0.250	0.250	0.250	0.250	-7.918E+10	-0.000E+00	-100.000
11.100	0	0	0	0	0	-100.000	-100.000	-100.000	-100.000	-99.398	0.250	0.250	0.250	0.250	-1.256E+11	-0.000E+00	-100.000
11.300	0	0	0	0	0	-100.000	-100.000	-100.000	-100.000	-99.398	0.250	0.250	0.250	0.250	-1.993E+11	-0.000E+00	-100.000
11.500	0	0	0	0	0	-100.000	-100.000	-100.000	-100.000	-99.398	0.250	0.250	0.250	0.250	-3.160E+11	-0.000E+00	-100.000
11.700	0	0	0	0	0	-100.000	-100.000	-100.000	-100.000	-99.398	0.250	0.250	0.250	0.250	-5.009E+11	-0.000E+00	-100.000
11.900	0	0	0	0	0	-100.000	-100.000	-100.000	-100.000	-99.398	0.250	0.250	0.250	0.250	-7.941E+11	-0.000E+00	-100.000
12.100	0	0	0	0	0	-100.000	-100.000	-100.000	-100.000	-99.398	0.250	0.250	0.250	0.250	-1.259E+12	-0.000E+00	-100.000
12.300	0	0	0	0	0	-100.000	-100.000	-100.000	-100.000	-99.398	0.250	0.250	0.250	0.250	-1.995E+12	-0.000E+00	-100.000
12.500	0	0	0	0	0	-100.000	-100.000	-100.000	-100.000	-99.398	0.250	0.250	0.250	0.250	-3.162E+12	-0.000E+00	-100.000
12.700	0	0	0	0	0	-100.000	-100.000	-100.000	-100.000	-99.398	0.250	0.250	0.250	0.250	-5.012E+12	-0.000E+00	-100.000
12.900	0	0	0	0	0	-100.000	-100.000	-100.000	-100.000	-99.398	0.250	0.250	0.250	0.250	-7.943E+12	-0.000E+00	-100.000
13.100	0	0	0	0	0	-100.000	-100.000	-100.000	-100.000	-99.398	0.250	0.250	0.250	0.250	-1.259E+13	-0.000E+00	-100.000
13.300	0	0	0	0	0	-100.000	-100.000	-100.000	-100.000	-99.398	0.250	0.250	0.250	0.250	-1.995E+13	-0.000E+00	-100.000
13.500	0	0	0	0	0	-100.000	-100.000	-100.000	-100.000	-99.398	0.250	0.250	0.250	0.250	-3.162E+13	-0.000E+00	-100.000
13.700	0	0	0	0	0	-100.000	-100.000	-100.000	-100.000	-99.398	0.250	0.250	0.250	0.250	-5.012E+13	-0.000E+00	-100.000
13.900	0	0	0	0	0	-100.000	-100.000	-100.000	-100.000	-99.398	0.250	0.250	0.250	0.250	-7.943E+13	-0.000E+00	-100.000
14.100	0	0	0	0	0	-100.000	-100.000	-100.000	-100.000	-99.398	0.250	0.250	0.250	0.250	-1.259E+14	-0.000E+00	-100.000
14.300	0	0	0	0	0	-100.000	-100.000	-100.000	-100.000	-99.398	0.250	0.250	0.250	0.250	-1.995E+14	-0.000E+00	-100.000
14.500	0	0	0	0	0	-100.000	-100.000	-100.000	-100.000	-99.398	0.250	0.250	0.250	0.250	-3.162E+14	-0.000E+00	-100.000
14.700	0	0	0	0	0	-100.000	-100.000	-100.000	-100.000	-99.398	0.250	0.250	0.250	0.250	-5.012E+14	-0.000E+00	-100.000
14.900	0	0	0	0	0	-100.000	-100.000	-100.000	-100.000	-99.398	0.250	0.250	0.250	0.250	-7.943E+14	-0.000E+00	-100.000
15.100	0	0	0	0	0	-100.000	-100.000	-100.000	-100.000	-99.398	0.250	0.250	0.250	0.250	-1.259E+15	-0.000E+00	-100.000
15.300	0	0	0	0	0	-100.000	-100.000	-100.000	-100.000	-99.398	0.250	0.250	0.250	0.250	-1.995E+15	-0.000E+00	-100.000
15.500	0	0	0	0	0	-100.000	-100.000	-100.000	-100.000	-99.398	0.250	0.250	0.250	0.250	-3.162E+15	-0.000E+00	-100.000
15.700	0	0	0	0	0	-100.000	-100.000	-100.000	-100.000	-99.398	0.250	0.250	0.250	0.250	-5.012E+15	-0.000E+00	-100.000
15.900	0	0	0	0	0	-100.000	-100.000	-100.000	-100.000	-99.398	0.250	0.250	0.250	0.250	-7.943E+15	-0.000E+00	-100.000
